3
418
572
839
945
1122
1147
1178
1622
1821
1863
2014
2114
2890
3281
3388
3544
3969
4260
4491
5171
5206
5279
5349
5388
5630
5712
5860
6332
6500
6942
7224
7395
7514
7556
161
2231
2546
3655
4305
4399
4982
5427
5567
6950
7260
7364
7600
4877
5082
7167
7355
7853
7910
1820
2351
2500
3634
4371
4726
5895
5908
6109
3661
4792
3815
5490
5679
6191
1937
2192
2567
2999
5871
6592
3971
1519
1655
2676
3648
4219
4905
6205
6857
7608
7930
2617
2872
305
1887
2571
4865
7313
2848
6351
443
3208
1416
1864
1917
5970
2128
2138
5263
1974
2084
3579
4510
6790
7561
966
1462
766
2757
7133
267
469
726
2150
2229
4617
7642
2900
6272
1693
3801
880
3386
5486
433
448
60
1956
5488
7372
844
4938
3995
7143
7626
7765
279
1786
5453
6198
6427
6614
7868
87
5884
7401
3752
6471
955
1873
2534
3978
4053
4200
4406
5130
6140
6170
6344
2327
1474
3710
6000
1313
4212
6980
6568
2816
7096
2662
116
371
4719
4738
5424
2805
6023
408
2817
5307
5579
7003
20
3049
7878
1971
5789
6126
1628
716
1264
4000
4506
5102
7599
7682
7758
7943
3157
7475
562
928
3144
5749
7329
2987
3736
3148
1053
7106
7687
1704
4519
6599
7892
7976
4385
6386
6596
838
1618
632
873
1586
3134
5106
115
765
1306
5557
6128
684
2068
3099
3124
3668
7299
361
872
1489
1506
1728
2694
3484
5764
6203
7239
6190
7719
3051
1411
733
6177
202
5159
1740
3888
5177
6659
2140
7077
2666
3919
4028
7438
7838
7013
2981
3145
4874
5081
6261
791
5115
5585
6295
1007
7071
1011
1691
2183
7821
1870
6263
6312
6759
3526
3768
5041
6539
6859
1525
2432
996
6448
1834
769
226
325
1195
2031
2956
5015
6971
7005
7384
7967
208
1500
2616
2719
4534
5478
6113
810
1024
1114
5110
5747
7919
4201
2515
6954
7698
631
3250
3860
4224
5449
5819
6560
942
4793
177
1564
4074
5164
5856
585
2703
2193
2772
7199
7503
1048
1371
4056
5619
5200
6324
1696
1055
2387
3837
3900
4911
6315
7240
7335
48
366
4931
5428
7263
548
674
4254
7757
222
7691
7724
1893
1241
2977
7416
3755
3912
4893
5516
5896
1951
1993
3030
4481
4352
6467
1771
1263
1973
351
964
1551
7669
7993
5518
827
2927
5664
6587
2498
4020
4666
1608
4326
708
6615
5180
2241
5766
1829
2303
2555
6006
6403
1759
3911
6459
7517
7620
6537
6738
1484
4762
6245
6250
2698
5582
2494
4294
5681
5887
6018
3301
4974
7151
6923
3691
4328
339
893
1103
1126
2861
3832
4060
954
2776
5648
5947
7428
662
2443
3413
5731
7904
1080
3080
3807
6902
938
3475
4815
7017
33
773
853
1249
3172
3601
4723
5217
6303
385
1366
2427
2531
3986
7163
168
6465
1268
1856
2623
1322
2597
2663
5618
5730
1510
7171
7675
5181
7649
2203
6333
3253
5283
857
2408
6019
6768
7971
4062
3029
2006
4545
7441
7553
3671
3825
4996
5560
7445
2105
2111
5620
6201
1562
7048
111
198
1079
2037
2156
3565
4288
5934
6169
388
2470
3596
3289
5796
6641
5885
5185
5559
6221
570
882
1050
1150
2457
2888
4262
5277
6875
7484
7952
4550
4
1886
4241
4662
5416
5331
5532
6855
696
5439
6804
891
4733
6774
3205
5303
3557
494
1888
2179
6959
4625
4892
5680
5874
3631
307
3871
5401
6278
2532
4439
4826
7027
3957
4047
5471
4553
4446
104
164
7345
2167
5448
4949
3290
3421
5231
5658
5009
7567
4580
754
760
963
3717
6005
6369
6449
7692
2476
590
4064
7822
205
969
2644
7499
626
2009
2626
4152
4690
5659
1668
2880
1442
7256
3226
5452
1790
3255
3728
4041
4243
7068
819
2249
785
4889
6929
300
1067
1256
5591
531
3840
3737
4619
5004
5838
7423
7440
7518
7647
2345
3797
4923
7108
7410
7969
464
2674
3229
6293
6300
7091
1174
5902
6921
5844
1181
1841
2583
7539
2224
4306
5784
5519
689
972
1857
1975
2364
2827
3238
5319
2004
586
2194
5905
5508
2584
992
2250
623
805
5542
2800
5195
4885
5923
6185
2610
5872
109
935
2585
7746
7753
5602
4845
1402
3964
4088
4341
6613
7412
7902
3920
5809
2915
1627
2685
6189
7739
7894
7897
3492
5134
3384
6919
634
128
2163
3615
4548
5302
7941
3008
7988
120
1517
5191
5736
5935
6186
6277
7307
74
1606
4559
5500
6788
4880
3210
4188
6217
6712
5038
169
1057
2615
6593
216
930
5296
5045
376
4384
2541
2213
7862
2335
3477
6482
6522
2743
4558
2720
728
3944
7690
2378
2846
3328
4802
1333
2572
3942
4882
5366
7276
1604
5092
6807
124
165
3234
5515
5716
2783
5581
2276
3867
5089
5238
3765
4814
3046
2883
7123
1652
6163
7536
130
1075
1720
2447
7808
1197
3060
5538
7651
6157
4125
1969
4259
6638
6970
1419
5839
6402
957
3242
3688
7932
70
6492
1615
5094
5346
240
2331
2573
2683
3442
3474
4682
5253
5997
6372
6721
6992
7225
7272
1044
3333
3782
5669
1129
4952
7431
653
2462
171
3439
4217
5188
6739
1412
4424
5473
5643
5665
5688
2951
5179
2991
3742
5383
5684
6366
7865
2525
3932
5078
480
7515
6644
4939
925
1488
1596
1746
5969
7262
7271
3541
5273
2024
2605
7940
500
2092
2139
4739
5531
5777
6035
6093
7203
7718
1861
2073
3398
4356
4706
5399
6419
6497
7506
7534
7905
571
1251
1639
6364
7820
815
7569
55
6519
6803
6868
7054
3461
4639
5392
6081
6924
195
1319
2687
2748
4830
5076
5299
5324
6215
6236
6485
7936
6671
3538
6611
7541
6242
1337
2917
3039
6563
3417
2909
5761
6844
991
1016
2280
1994
6994
73
2730
4040
4206
4631
5494
7177
7439
11
625
3052
6336
7019
3692
4586
7370
940
1180
1938
2607
3379
3875
3948
4185
4198
4401
4435
4852
5377
6399
6836
7705
7875
7963
2473
2726
3425
4629
5778
7002
7629
7342
7689
778
1593
2717
1116
1427
3345
6033
2566
1003
1146
3266
7079
2099
6734
170
2678
493
5019
5558
6405
789
2287
3037
4807
5072
6989
7732
2184
2277
3225
3731
5172
5241
594
2907
7325
4113
7679
4045
7132
7411
2528
4758
6903
1414
7227
2859
1226
1440
1995
3549
3898
5661
6689
7254
2146
5404
6036
6079
924
1438
2394
3045
3694
3939
4202
4772
5728
6294
6508
7448
7603
7856
2550
63
2094
2887
3681
4436
1884
7415
7102
6631
7212
7722
268
449
2338
4896
5243
5615
6824
3591
4729
5800
5824
6252
6310
7114
7961
743
1550
1766
5744
5751
7242
1907
3331
1358
2233
3733
247
2339
3564
4364
5536
7596
3303
7406
7660
2278
2645
2716
5652
5961
7741
509
2628
7466
7598
2475
3184
3374
1760
1891
7726
7615
3537
3921
3756
3945
7824
871
1931
621
6525
6901
7825
2430
1399
3514
6022
7728
2083
5189
2830
4248
317
1308
4797
4440
237
347
1577
3117
3228
3378
5234
6675
7008
807
2962
6397
6550
7680
520
52
69
1009
1686
3275
3494
5379
6940
3089
6769
802
1492
3531
7459
1961
4189
6674
1148
3502
6584
7312
1785
3931
2323
6231
348
2744
2802
4423
5353
6030
6304
6668
7744
4277
4437
6432
7597
1996
3909
7176
1945
5592
5693
1663
3635
1202
5292
2142
3697
968
1017
4777
6414
1112
1636
3908
672
6283
7837
175
4944
5636
7490
7788
4754
852
2484
1962
4523
2186
4071
6938
3595
4922
5409
6710
5960
7153
2648
2238
3918
2838
4390
3010
1424
2724
6669
2950
1464
1773
6138
2040
2410
5221
5595
297
306
1699
3075
4324
6925
683
3917
6890
7223
6002
7181
25
1530
3153
1143
2361
2721
4282
7877
4014
6545
2116
422
1906
392
5160
1252
1186
5826
5046
4767
5308
5355
7255
2579
6588
2016
5264
6949
1413
4368
1403
2604
354
527
886
2452
5566
7842
2360
2762
3536
5993
7180
7964
909
3324
2893
3433
4287
4106
4658
1018
1522
1855
3788
3754
1029
5837
2924
6843
2386
4362
5835
6606
7399
979
1558
1713
3270
4120
6298
6612
7558
6574
7104
2392
4427
1109
1294
1422
5222
2160
1246
6073
174
515
1321
3350
4866
5629
5965
6089
3937
598
1124
2270
4841
5085
173
3581
5729
329
1243
2491
1603
755
1332
849
1034
5097
3954
1631
4351
2274
2316
3419
6086
6152
7504
7583
117
1929
7390
1637
3372
3625
3647
4818
5855
6299
6687
7020
7398
77
2198
2638
6435
3676
6719
45
2548
5472
4810
